14 14
14 31
14 14
14 1
14 1
14 15
1 21
1 11
21 11961
11 11962
1 7
7 11963
15 3
15 15
3 11964
15 30
15 1
15 17
15 18
15 14
30 11965
1 11
11 11966
17 13
17 1
13 11967
1 10
1 21
1 11
10 11968
21 11969
11 11970
18 11971
14 15
15 30
15 1
30 11972
1 10
1 11
10 11973
11 11974
31 11975
14 14
14 31
14 14
14 1
14 15
1 11
11 11976
15 15
15 18
15 15
15 3
15 17
3 11977
17 13
17 1
13 11978
1 42
1 22
42 11979
22 11980
18 11981
15 3
15 17
3 11982
17 13
17 1
13 11983
1 1
1 17
1 10
1 22
10 11984
22 11985
17 13
17 1
13 11986
1 1
1 15
1 22
22 11987
15 30
30 11988
31 11989
14 1
14 15
1 7
7 11990
15 3
15 25
15 1
15 18
15 17
3 11991
25 26
26 11992
1 1
1 17
1 1
1 31
1 1
1 42
1 11
42 11993
11 11994
31 11995
1 10
1 11
10 11996
11 11997
17 13
17 1
13 11998
1 1
1 16
1 10
1 11
10 11999
11 12000
16 14
14 1
14 15
1 7
7 12001
15 3
15 1
3 12002
1 7
7 12003
18 12004
17 4
17 13
17 1
4 5
5 12005
13 12006
1 11
1 14
11 12007
14 15
15 24
15 15
24 12008
15 9
15 1
15 4
9 12009
1 42
1 11
42 12010
11 12011
4 11
11 12012
18 12013
