14 14
14 18
14 1
14 15
14 20
14 4
14 18
14 1
14 15
4 56
4 10
4 21
56 13687
10 13688
21 13689
18 13690
1 7
7 13691
15 3
15 5
15 16
3 13692
5 13693
16 28
16 14
28 36
36 13694
14 1
14 15
1 7
7 13695
15 8
15 15
8 13696
15 9
15 14
9 13697
14 1
1 1
1 17
1 10
1 21
1 11
10 13698
21 13699
11 13700
17 24
17 1
24 13701
1 10
1 11
10 13702
11 13703
18 13704
1 2
2 13705
15 3
15 18
15 16
3 13706
18 13707
16 13
16 14
13 13708
14 1
14 15
1 7
7 13709
15 3
15 33
15 4
15 14
3 13710
33 21
21 13711
4 5
4 12
5 13712
12 13713
14 15
15 30
15 17
30 13714
17 24
17 14
24 13715
14 14
14 53
14 1
14 15
1 2
1 19
1 2
2 13716
19 13717
2 13718
15 30
15 33
30 13719
33 5
5 13720
53 57
53 14
53 58
57 13721
14 1
14 15
1 2
2 13722
15 3
15 5
15 4
3 13723
5 13724
4 5
4 17
5 13725
17 13
17 1
13 13726
1 10
1 11
1 11
10 13727
11 13728
11 13729
58 13730
20 13731
