14 1
14 15
1 7
7 14982
15 15
15 19
15 15
15 18
15 14
15 18
15 17
15 3
15 17
3 14983
17 13
17 1
13 14984
1 10
1 11
10 14985
11 14986
19 14987
15 3
15 17
3 14988
17 17
17 5
17 1
17 13
17 1
13 14989
1 45
1 11
45 14990
11 14991
5 14992
1 10
10 14993
18 14994
14 1
14 17
1 2
2 14995
17 13
17 1
13 14996
1 10
1 11
10 14997
11 14998
18 14999
17 13
17 1
13 15000
1 1
1 16
1 10
1 11
10 15001
11 15002
16 46
16 14
46 40
40 15003
14 14
14 19
14 16
14 1
14 15
1 7
7 15004
15 3
3 15005
19 15006
16 46
16 14
46 40
40 15007
14 1
14 15
1 7
7 15008
15 3
15 15
3 15009
15 30
30 15010
