14 4
14 18
14 1
14 15
14 20
4 5
5 10367
18 10368
1 2
2 10369
15 3
15 16
3 10370
16 14
14 1
14 15
1 7
7 10371
15 3
15 15
3 10372
15 6
15 1
15 18
15 16
6 10373
1 21
1 11
21 10374
11 10375
18 10376
16 13
16 14
13 10377
14 1
14 15
1 2
2 10378
15 3
15 14
3 10379
14 15
15 24
15 15
24 10380
15 9
15 1
15 17
9 10381
1 1
1 17
1 10
1 21
1 11
10 10382
21 10383
11 10384
17 13
17 1
13 10385
1 22
22 10386
17 4
17 13
17 1
4 5
5 10387
13 10388
1 1
1 17
1 10
1 22
10 10389
22 10390
17 13
17 1
13 10391
1 10
1 11
10 10392
11 10393
20 10394
