1 1
1 31
1 1
1 31
1 1
1 20
1 1
1 17
1 45
1 22
45 15777
22 15778
17 13
17 1
13 15779
1 30
1 18
1 21
1 22
30 15780
18 15781
21 15782
22 15783
31 15784
1 1
1 18
1 15
1 45
1 22
45 15785
22 15786
18 15787
15 30
15 19
15 30
15 17
30 15788
19 15789
30 15790
17 13
17 1
13 15791
1 42
1 11
42 15792
11 15793
31 15794
1 1
1 18
1 1
1 45
1 30
1 22
45 15795
30 15796
22 15797
18 15798
1 1
1 15
1 11
11 15799
15 30
15 17
15 17
30 15800
17 13
17 1
13 15801
1 21
1 22
21 15802
22 15803
17 13
17 1
13 15804
1 21
1 22
21 15805
22 15806
20 15807
