14 1
14 15
14 20
1 7
7 13850
15 15
15 18
15 15
15 18
15 19
15 15
15 3
15 13
15 1
3 13851
13 13852
1 42
1 22
42 13853
22 13854
18 13855
15 3
15 25
15 1
3 13856
25 26
26 13857
1 42
1 22
42 13858
22 13859
18 13860
19 13861
15 3
15 17
3 13862
17 17
17 18
17 17
17 18
17 19
17 17
17 13
17 1
13 13863
1 10
1 11
1 11
10 13864
11 13865
11 13866
18 13867
17 13
17 1
13 13868
1 10
1 21
1 11
10 13869
21 13870
11 13871
18 13872
19 13873
17 13
17 1
13 13874
1 10
1 2
1 21
1 11
10 13875
2 13876
21 13877
11 13878
20 13879
