14 32
14 31
14 19
14 14
14 18
14 15
14 18
14 19
14 14
14 20
32 13623
31 13624
19 13625
14 1
14 15
1 7
7 13626
15 8
15 5
15 15
8 13627
5 13628
15 9
15 14
9 13629
14 15
15 30
15 17
15 17
30 13630
17 13
17 1
13 13631
1 10
1 11
10 13632
11 13633
17 13
17 1
13 13634
1 11
11 13635
18 13636
15 9
15 17
9 13637
17 13
17 1
13 13638
1 1
1 16
1 10
1 22
10 13639
22 13640
16 14
14 1
14 15
1 7
7 13641
15 8
15 15
8 13642
15 9
15 1
15 16
9 13643
1 2
2 13644
16 13
16 14
13 13645
14 1
14 15
1 7
7 13646
15 38
15 15
38 13647
15 6
6 13648
18 13649
19 13650
14 1
14 15
1 7
7 13651
15 38
15 33
38 13652
33 6
33 14
6 13653
14 15
15 24
15 15
24 13654
15 9
9 13655
20 13656
