14 14
14 18
14 19
14 14
14 18
14 19
14 14
14 20
14 1
14 15
1 7
7 12597
15 3
15 5
15 15
3 12598
5 12599
15 9
15 1
9 12600
1 1
1 16
1 10
1 11
10 12601
11 12602
16 28
16 14
28 36
36 12603
14 15
15 3
15 15
3 12604
15 30
15 25
30 12605
25 26
26 12606
18 12607
19 12608
14 1
14 15
1 7
7 12609
15 3
15 5
15 15
3 12610
5 12611
15 9
15 14
9 12612
14 15
15 24
15 15
24 12613
15 9
15 15
9 12614
15 30
15 15
30 12615
15 6
6 12616
18 12617
19 12618
14 1
14 15
1 1
1 17
1 10
10 12619
17 13
17 1
13 12620
1 10
1 11
10 12621
11 12622
15 3
15 14
3 12623
14 15
15 30
15 4
30 12624
4 5
4 17
5 12625
17 24
17 1
24 12626
1 42
1 22
42 12627
22 12628
20 12629
