14 16
14 1
14 15
14 20
14 34
16 13
16 14
13 14274
14 1
14 15
1 7
7 14275
15 39
15 1
39 14276
1 1
1 17
1 10
1 45
10 14277
45 14278
17 13
17 1
13 14279
1 7
7 14280
1 7
7 14281
15 8
15 15
8 14282
15 9
15 1
15 1
15 18
15 16
9 14283
1 7
7 14284
1 10
1 11
10 14285
11 14286
18 14287
16 13
16 14
13 14288
14 14
14 18
14 19
14 14
14 1
14 15
1 7
7 14289
15 3
15 15
3 14290
15 30
15 14
30 14291
14 15
15 24
15 15
24 14292
15 9
15 1
9 14293
1 7
7 14294
18 14295
19 14296
14 1
14 15
1 7
7 14297
15 8
15 15
8 14298
15 9
15 1
15 25
9 14299
1 7
7 14300
25 26
26 14301
20 14302
34 14303
