14 32
14 37
14 18
14 19
14 14
14 18
14 14
14 31
14 34
32 14103
37 5
37 48
5 14104
48 14105
18 14106
19 14107
14 1
14 15
1 7
7 14108
15 3
15 1
3 14109
1 7
7 14110
18 14111
14 14
14 18
14 14
14 1
14 4
14 15
1 7
7 14112
4 5
5 14113
15 38
15 16
38 14114
16 28
16 14
28 36
36 14115
14 1
14 15
1 7
7 14116
15 3
15 16
3 14117
16 46
16 14
46 40
40 14118
14 1
14 15
1 7
7 14119
15 38
15 17
15 1
38 14120
17 13
17 1
13 14121
1 1
1 4
1 10
1 11
10 14122
11 14123
4 11
11 14124
1 11
11 14125
18 14126
14 1
14 15
1 7
7 14127
15 38
15 4
38 14128
4 5
5 14129
31 14130
34 14131
