14 32
14 4
14 18
14 14
14 18
14 19
14 14
14 20
14 34
32 10152
4 5
5 10153
18 10154
14 1
14 15
1 7
7 10155
15 38
15 16
38 10156
16 14
14 1
14 15
1 2
2 10157
15 39
15 4
15 15
39 10158
4 5
5 10159
15 30
15 25
15 17
30 10160
25 26
26 10161
17 13
17 16
13 10162
16 41
16 14
41 40
41 21
40 10163
21 10164
14 1
14 15
1 7
7 10165
15 39
15 17
39 10166
17 13
17 1
13 10167
1 2
2 10168
18 10169
19 10170
14 1
14 15
1 7
7 10171
15 38
15 16
38 10172
16 14
14 1
14 15
1 10
10 10173
15 39
15 1
39 10174
1 10
1 11
10 10175
11 10176
20 10177
34 10178
