14 14
14 31
14 14
14 20
14 14
14 18
14 15
14 1
14 4
14 1
14 15
4 5
5 11038
1 1
1 18
1 17
1 18
1 22
22 11039
18 11040
17 13
17 1
13 11041
1 22
22 11042
18 11043
15 8
15 15
8 11044
15 9
15 16
9 11045
16 46
16 14
46 40
40 11046
14 1
14 15
1 7
7 11047
15 3
15 33
3 11048
33 21
21 11049
18 11050
15 3
3 11051
1 2
2 11052
31 11053
14 1
14 15
1 47
47 11054
15 3
15 1
3 11055
1 1
1 17
1 16
1 10
1 11
10 11056
11 11057
17 13
17 1
13 11058
1 1
1 11
1 2
1 43
2 11059
43 11060
11 11061
16 28
16 14
28 29
29 11062
14 15
15 3
15 4
15 16
3 11063
4 5
4 5
4 5
5 11064
5 11065
5 11066
16 13
16 14
13 11067
14 1
14 15
1 7
7 11068
15 3
15 14
3 11069
14 15
15 24
15 15
24 11070
15 9
15 1
9 11071
1 1
1 17
1 42
1 22
42 11072
22 11073
17 13
17 1
13 11074
1 10
1 11
10 11075
11 11076
20 11077
