14 14
14 31
14 14
14 20
14 34
14 1
14 15
1 7
7 15145
15 3
15 4
15 15
3 15146
4 5
5 15147
15 30
15 14
30 15148
14 15
15 24
15 15
24 15149
15 9
15 1
9 15150
1 7
7 15151
31 15152
14 14
14 18
14 14
14 1
14 15
1 2
2 15153
15 3
15 16
3 15154
16 14
14 1
14 15
1 11
11 15155
15 3
15 15
3 15156
15 30
15 14
30 15157
14 15
15 24
15 15
24 15158
15 9
15 17
9 15159
17 13
17 1
13 15160
1 10
1 11
1 11
10 15161
11 15162
11 15163
18 15164
14 1
14 15
1 2
2 15165
15 8
15 15
8 15166
15 9
15 15
9 15167
15 6
15 1
15 25
6 15168
1 7
7 15169
25 26
26 15170
20 15171
34 15172
