14 14
14 31
14 14
14 20
14 14
14 18
14 1
14 15
14 33
33 21
21 14807
18 14808
1 2
2 14809
15 3
15 4
15 17
15 14
3 14810
4 5
5 14811
17 13
17 1
13 14812
1 10
1 21
1 45
10 14813
21 14814
45 14815
14 15
15 24
15 15
24 14816
15 9
15 1
15 4
9 14817
1 7
7 14818
4 4
4 17
4 5
4 5
5 14819
5 14820
17 13
17 33
13 14821
33 21
21 14822
31 14823
14 1
14 15
1 7
7 14824
15 3
15 4
15 17
15 18
15 4
3 14825
4 5
5 14826
17 13
17 1
13 14827
1 10
1 11
10 14828
11 14829
18 14830
4 5
4 17
5 14831
17 13
17 1
13 14832
1 1
1 11
1 2
1 43
2 14833
43 14834
11 14835
20 14836
