14 14
14 18
14 19
14 14
14 20
14 1
14 15
1 7
7 15808
15 3
15 15
3 15809
15 30
15 4
15 18
15 14
30 15810
4 5
4 5
5 15811
5 15812
18 15813
14 1
14 15
1 44
1 22
44 10
44 45
10 15814
45 15815
22 15816
15 30
15 17
30 15817
17 13
17 1
13 15818
1 7
7 15819
18 15820
19 15821
14 14
14 18
14 19
14 14
14 1
14 15
1 2
2 15822
15 3
15 16
3 15823
16 13
16 14
13 15824
14 1
14 15
1 1
1 16
1 10
1 21
1 11
10 15825
21 15826
11 15827
16 14
14 1
14 15
1 7
7 15828
15 3
15 5
15 4
15 33
3 15829
5 15830
4 5
5 15831
33 21
21 15832
15 3
15 16
3 15833
16 13
16 14
13 15834
14 1
14 15
1 42
1 21
1 11
42 15835
21 15836
11 15837
15 3
15 15
3 15838
15 6
15 1
15 17
6 15839
1 7
7 15840
17 13
17 1
13 15841
1 11
11 15842
18 15843
19 15844
14 1
14 15
1 14
1 18
1 1
14 1
14 15
1 7
7 15845
15 3
15 4
15 15
3 15846
4 5
5 15847
15 30
15 17
30 15848
17 13
17 1
13 15849
1 10
10 15850
18 15851
1 47
47 15852
15 3
15 1
3 15853
1 10
1 14
10 15854
14 15
15 30
15 16
30 15855
16 28
16 14
28 36
36 15856
14 1
14 15
1 10
1 21
1 22
10 15857
21 15858
22 15859
15 3
3 15860
20 15861
