14 32
14 49
14 18
14 35
14 18
14 14
14 18
14 19
14 14
14 20
14 34
32 14053
49 38
49 5
49 1
49 15
38 14054
5 14055
1 7
7 14056
15 9
15 17
9 14057
17 13
17 1
13 14058
1 7
7 14059
18 14060
35 38
35 1
35 4
35 15
38 14061
1 7
7 14062
4 5
5 14063
15 9
15 17
9 14064
17 13
17 1
13 14065
1 7
7 14066
18 14067
14 1
14 15
1 7
7 14068
15 38
15 5
15 15
38 14069
5 14070
15 9
15 14
9 14071
14 1
14 15
1 2
2 14072
15 24
15 15
24 14073
15 9
15 1
9 14074
1 10
1 2
1 11
10 14075
2 14076
11 14077
18 14078
19 14079
14 1
14 15
1 7
7 14080
15 8
15 15
8 14081
15 9
15 1
9 14082
1 1
1 16
1 17
1 10
1 10
1 22
10 14083
10 14084
22 14085
16 14
14 1
14 15
1 7
7 14086
15 3
15 17
3 14087
17 13
17 1
13 14088
1 2
1 2
2 14089
2 14090
17 13
17 14
13 14091
14 15
15 30
15 17
30 14092
17 13
17 14
13 14093
14 15
15 30
15 1
30 14094
1 22
22 14095
20 14096
34 14097
