14 14
14 31
14 14
14 20
14 1
14 15
1 2
2 15901
15 8
15 15
8 15902
15 9
15 15
9 15903
15 6
15 4
15 14
15 18
15 16
6 15904
4 5
5 15905
14 15
15 24
15 15
24 15906
15 9
15 17
15 4
9 15907
17 13
17 1
13 15908
1 7
7 15909
4 5
4 5
5 15910
5 15911
18 15912
16 13
16 14
13 15913
14 14
14 18
14 19
14 14
14 1
14 15
1 7
7 15914
15 3
15 5
15 15
3 15915
5 15916
15 9
15 1
15 4
9 15917
1 7
7 15918
4 5
5 15919
18 15920
19 15921
14 1
14 15
1 7
7 15922
15 4
15 3
4 5
5 15923
3 15924
31 15925
14 1
14 15
1 1
1 16
1 10
10 15926
16 14
14 1
14 15
1 7
7 15927
15 3
15 14
3 15928
14 15
15 24
15 15
24 15929
15 9
9 15930
15 3
15 15
3 15931
15 9
15 1
15 17
9 15932
1 1
1 17
1 13
1 21
1 11
13 15933
21 15934
11 15935
17 13
17 33
13 15936
33 21
21 15937
17 13
17 1
13 15938
1 1
1 19
1 1
1 7
7 15939
19 15940
1 10
1 11
10 15941
11 15942
20 15943
