14 14
14 18
14 19
14 14
14 20
14 1
14 15
1 7
7 10792
15 3
15 1
3 10793
1 10
1 21
1 18
1 21
1 11
10 10794
21 10795
18 10796
21 10797
11 10798
18 10799
19 10800
14 1
14 15
1 10
1 11
10 10801
11 10802
15 3
15 17
15 16
3 10803
17 13
17 1
13 10804
1 42
1 22
42 10805
22 10806
16 13
16 14
13 10807
14 1
14 15
1 7
7 10808
15 3
15 17
15 17
3 10809
17 13
17 1
13 10810
1 10
1 30
1 22
10 10811
30 10812
22 10813
17 13
17 1
13 10814
1 1
1 17
1 10
1 21
1 18
1 21
1 11
10 10815
21 10816
18 10817
21 10818
11 10819
17 17
17 1
17 13
13 10820
1 1
1 17
1 17
1 20
1 21
1 11
20 10821
21 10822
11 10823
17 13
17 1
13 10824
1 10
1 22
10 10825
22 10826
17 24
17 1
24 10827
1 1
1 18
1 16
1 10
1 21
1 2
10 10828
21 10829
2 10830
18 10831
16 28
16 14
28 51
28 22
51 10832
22 10833
14 15
15 3
15 15
3 10834
15 30
15 4
15 17
30 10835
4 5
5 10836
17 13
17 1
13 10837
1 10
1 11
10 10838
11 10839
20 10840
