14 14
14 31
14 14
14 20
14 1
14 15
1 7
7 10220
15 3
15 5
15 1
15 18
15 4
3 10221
5 10222
1 10
1 21
1 11
10 10223
21 10224
11 10225
18 10226
4 5
5 10227
31 10228
14 1
14 18
14 1
14 15
1 1
1 16
1 10
1 11
10 10229
11 10230
16 14
14 1
14 15
1 2
1 2
2 10231
2 10232
15 3
15 1
3 10233
1 7
7 10234
18 10235
1 7
7 10236
15 3
15 15
3 10237
15 6
15 1
15 14
6 10238
1 1
1 17
1 27
27 10239
17 13
17 1
13 10240
1 42
1 11
42 10241
11 10242
14 15
15 30
15 17
15 17
30 10243
17 13
17 1
13 10244
1 10
1 11
10 10245
11 10246
17 13
17 1
13 10247
1 42
1 11
42 10248
11 10249
20 10250
