14 14
14 18
14 1
14 15
14 20
14 15
15 30
15 17
30 15384
17 13
17 1
13 15385
1 22
22 15386
18 15387
1 7
7 15388
15 3
15 17
15 18
15 17
3 15389
17 13
17 1
13 15390
1 42
1 22
42 15391
22 15392
18 15393
17 4
17 24
17 1
4 5
5 15394
24 15395
1 1
1 17
1 16
1 10
1 11
10 15396
11 15397
17 13
17 1
13 15398
1 10
1 11
10 15399
11 15400
16 46
16 14
46 40
40 15401
14 14
14 31
14 19
14 14
14 1
14 15
1 7
7 15402
15 3
15 17
3 15403
17 13
17 1
13 15404
1 10
1 11
10 15405
11 15406
31 15407
19 15408
14 1
14 15
1 7
7 15409
15 3
15 15
3 15410
15 6
6 15411
20 15412
