14 1
14 15
14 20
1 2
2 10860
15 3
15 15
3 10861
15 6
15 1
15 15
6 10862
1 1
1 19
1 1
1 2
2 10863
19 10864
1 2
1 2
2 10865
2 10866
15 9
15 17
15 18
15 14
9 10867
17 13
17 1
13 10868
1 10
1 11
1 22
10 10869
11 10870
22 10871
18 10872
14 15
15 30
15 16
30 10873
16 13
16 14
13 10874
14 1
14 15
1 1
1 17
1 10
10 10875
17 13
17 1
13 10876
1 7
7 10877
15 3
15 14
15 16
3 10878
14 15
15 24
15 15
24 10879
15 9
9 10880
16 13
16 14
13 10881
14 1
14 15
1 7
7 10882
15 15
15 18
15 19
15 15
15 3
15 4
3 10883
4 5
4 21
5 10884
21 10885
18 10886
19 10887
15 4
15 3
15 4
15 17
4 5
5 10888
3 10889
4 5
5 10890
17 24
17 1
24 10891
1 10
1 11
10 10892
11 10893
20 10894
