14 1
14 15
14 20
1 2
2 12137
15 3
15 1
15 16
3 12138
1 1
1 17
1 11
11 12139
17 13
17 1
13 12140
1 1
1 21
1 22
1 2
1 18
1 2
1 18
1 19
1 1
2 12141
18 12142
2 12143
18 12144
19 12145
1 2
1 43
2 12146
43 12147
21 12148
22 12149
16 13
16 14
13 12150
14 1
14 15
1 7
7 12151
15 3
15 18
15 14
3 12152
18 12153
14 15
15 30
15 4
15 17
15 16
30 12154
4 5
5 12155
17 13
17 1
13 12156
1 1
1 11
1 2
1 2
1 43
2 12157
2 12158
43 12159
11 12160
16 13
16 14
13 12161
14 1
14 15
1 7
7 12162
15 3
15 17
3 12163
17 13
17 1
13 12164
1 10
1 11
10 12165
11 12166
20 12167
