14 1
14 15
14 20
1 7
7 10188
15 15
15 19
15 15
15 3
15 4
15 17
3 10189
4 5
5 10190
17 13
17 14
13 10191
14 1
14 15
1 21
1 22
21 10192
22 10193
15 4
15 30
15 17
4 5
5 10194
30 10195
17 13
17 1
13 10196
1 10
1 11
1 11
1 22
10 10197
11 10198
11 10199
22 10200
19 10201
15 3
15 1
3 10202
1 1
1 16
1 21
1 18
1 21
1 22
21 10203
18 10204
21 10205
22 10206
16 28
16 14
28 29
29 10207
14 4
14 15
4 5
5 10208
15 3
15 14
3 10209
14 15
15 24
15 15
24 10210
15 9
15 17
9 10211
17 13
17 14
13 10212
14 1
14 15
1 7
7 10213
15 4
15 30
15 1
4 5
5 10214
30 10215
1 1
1 17
1 22
22 10216
17 13
17 1
13 10217
1 22
22 10218
20 10219
