14 32
14 4
14 31
14 17
14 18
14 19
14 14
14 31
14 34
32 12060
4 5
5 12061
31 12062
17 17
17 31
17 34
17 14
17 13
17 1
13 12063
1 1
1 17
1 10
1 42
1 11
10 12064
42 12065
11 12066
17 13
17 1
13 12067
1 22
22 12068
31 12069
34 12070
14 1
14 15
1 2
1 2
2 12071
2 12072
15 3
15 33
3 12073
33 5
33 21
33 17
5 12074
21 12075
17 13
17 1
13 12076
1 11
11 12077
18 12078
19 12079
14 14
14 18
14 32
14 31
14 46
14 15
14 1
14 31
14 15
14 1
14 15
1 42
1 22
42 12080
22 12081
15 3
15 4
3 12082
4 5
5 12083
18 12084
32 12085
31 12086
46 40
40 12087
15 9
9 12088
1 7
7 12089
31 12090
15 8
15 15
8 12091
15 9
15 15
9 12092
15 6
15 1
6 12093
1 42
1 11
42 12094
11 12095
31 12096
34 12097
