14 14
14 19
14 14
14 31
14 14
14 31
14 19
14 14
14 20
14 1
14 15
1 7
7 11671
15 15
15 19
15 15
15 3
15 1
3 11672
1 10
1 11
10 11673
11 11674
19 11675
15 3
15 4
15 17
3 11676
4 5
5 11677
17 13
17 1
13 11678
1 10
1 11
10 11679
11 11680
19 11681
14 4
14 18
14 14
4 5
5 11682
18 11683
14 4
14 1
14 15
4 5
5 11684
1 7
7 11685
15 3
3 11686
31 11687
14 14
14 18
14 19
14 14
14 1
14 15
1 11
11 11688
15 3
15 17
3 11689
17 13
17 1
13 11690
1 42
1 11
42 11691
11 11692
18 11693
19 11694
14 1
14 15
1 42
1 22
42 11695
22 11696
15 3
15 4
15 17
3 11697
4 13
13 11698
17 13
17 1
13 11699
1 7
7 11700
31 11701
19 11702
14 14
14 31
14 14
14 17
14 1
14 15
17 13
17 1
13 11703
1 1
1 17
1 10
1 11
10 11704
11 11705
17 13
17 1
13 11706
1 21
1 11
21 11707
11 11708
1 7
7 11709
15 3
15 16
3 11710
16 14
14 1
14 15
1 7
7 11711
15 8
15 15
8 11712
15 6
15 1
6 11713
1 1
1 16
1 11
11 11714
16 14
14 1
14 15
1 7
7 11715
15 8
15 15
8 11716
15 9
15 17
9 11717
17 13
17 14
13 11718
14 15
15 30
15 15
30 11719
15 6
6 11720
31 11721
14 14
14 18
14 14
14 1
14 15
1 10
10 11722
15 3
15 33
3 11723
33 21
21 11724
18 11725
14 1
14 15
1 10
10 11726
15 3
15 33
3 11727
33 21
21 11728
20 11729
