14 14
14 31
14 14
14 20
14 14
14 19
14 14
14 1
14 15
1 10
1 11
10 15486
11 15487
15 3
3 15488
19 15489
14 1
14 15
1 10
1 11
10 15490
11 15491
15 3
15 4
3 15492
4 21
21 15493
31 15494
14 1
14 15
1 7
7 15495
15 15
15 18
15 15
15 18
15 19
15 15
15 18
15 14
15 3
15 17
3 15496
17 13
17 1
13 15497
1 7
7 15498
18 15499
15 3
15 1
15 4
3 15500
1 7
7 15501
4 5
5 15502
18 15503
19 15504
15 3
15 1
15 17
3 15505
1 42
1 22
42 15506
22 15507
17 13
17 1
13 15508
1 7
7 15509
18 15510
14 15
15 30
30 15511
20 15512
