14 14
14 18
14 19
14 14
14 20
14 1
14 15
1 2
2 14959
15 3
3 14960
18 14961
19 14962
14 14
14 31
14 14
14 31
14 1
14 15
14 1
14 15
1 1
1 17
1 10
1 45
10 14963
45 14964
17 13
17 1
13 14965
1 7
7 14966
15 3
15 17
15 18
15 14
3 14967
17 13
17 1
13 14968
1 10
1 11
10 14969
11 14970
18 14971
14 5
14 15
5 14972
15 30
15 4
15 14
30 14973
4 5
5 14974
14 15
15 24
15 15
24 14975
15 9
15 16
9 14976
16 13
16 14
13 14977
14 1
14 15
1 2
2 14978
15 3
15 15
3 14979
15 30
30 14980
31 14981
14 1
14 15
1 7
7 14982
15 15
15 19
15 15
15 18
15 14
15 18
15 17
15 3
15 17
3 14983
17 13
17 1
13 14984
1 10
1 11
10 14985
11 14986
19 14987
15 3
15 17
3 14988
17 17
17 5
17 1
17 13
17 1
13 14989
1 45
1 11
45 14990
11 14991
5 14992
1 10
10 14993
18 14994
14 1
14 17
1 2
2 14995
17 13
17 1
13 14996
1 10
1 11
10 14997
11 14998
18 14999
17 13
17 1
13 15000
1 1
1 16
1 10
1 11
10 15001
11 15002
16 46
16 14
46 40
40 15003
14 14
14 19
14 16
14 1
14 15
1 7
7 15004
15 3
3 15005
19 15006
16 46
16 14
46 40
40 15007
14 1
14 15
1 7
7 15008
15 3
15 15
3 15009
15 30
30 15010
31 15011
1 7
7 15012
15 15
15 19
15 15
15 19
15 15
15 3
15 17
3 15013
17 13
17 1
13 15014
1 10
1 11
10 15015
11 15016
19 15017
15 15
15 18
15 15
15 3
15 1
15 17
3 15018
1 7
7 15019
17 13
17 1
13 15020
1 10
1 21
1 11
10 15021
21 15022
11 15023
18 15024
15 3
15 17
3 15025
17 13
17 1
13 15026
1 7
7 15027
19 15028
15 3
15 25
15 17
3 15029
25 26
26 15030
17 13
17 1
13 15031
1 1
1 18
1 16
1 42
1 2
1 11
42 15032
2 15033
11 15034
18 15035
16 28
16 14
28 29
29 15036
14 1
14 15
1 7
7 15037
15 3
15 16
3 15038
16 14
14 15
15 3
15 1
3 15039
1 1
1 17
1 22
22 15040
17 13
17 1
13 15041
1 10
1 11
1 11
10 15042
11 15043
11 15044
20 15045
