14 14
14 18
14 19
14 14
14 20
14 1
14 15
1 2
2 14583
15 3
15 1
15 18
15 14
3 14584
1 42
1 11
42 14585
11 14586
18 14587
14 4
14 15
4 5
5 14588
15 24
15 15
24 14589
15 9
15 1
15 16
9 14590
1 2
2 14591
16 46
16 14
46 5
46 40
5 14592
40 14593
14 15
15 24
15 15
24 14594
15 9
15 1
9 14595
1 1
1 17
1 10
1 11
10 14596
11 14597
17 13
17 1
13 14598
1 10
1 22
10 14599
22 14600
18 14601
19 14602
14 1
14 15
1 2
2 14603
15 15
15 19
15 15
15 3
15 17
15 14
3 14604
17 13
17 1
13 14605
1 7
7 14606
14 15
15 24
15 15
24 14607
15 9
15 33
9 14608
33 21
21 14609
19 14610
15 3
15 1
15 4
3 14611
1 1
1 10
1 7
7 14612
10 14613
4 5
5 14614
20 14615
