14 1
14 15
14 20
1 7
7 11730
15 15
15 18
15 19
15 15
15 3
15 1
15 4
15 1
15 14
3 11731
1 42
1 11
42 11732
11 11733
4 26
26 11734
1 10
1 21
10 11735
21 11736
14 15
15 24
15 15
24 11737
15 9
15 1
15 4
9 11738
1 7
7 11739
4 5
4 12
5 11740
12 11741
18 11742
19 11743
15 3
15 1
3 11744
1 1
1 19
1 1
1 1
1 17
1 22
1 19
1 22
22 11745
19 11746
22 11747
17 13
17 1
13 11748
1 1
1 4
1 22
22 11749
4 5
4 17
5 11750
17 13
17 1
13 11751
1 10
1 11
10 11752
11 11753
19 11754
1 1
1 17
1 10
1 21
1 11
10 11755
21 11756
11 11757
17 13
17 1
13 11758
1 2
2 11759
20 11760
