35 15
35 1
35 18
35 14
35 18
35 32
35 14
35 20
35 34
15 3
3 14507
1 2
2 14508
18 14509
14 15
15 30
15 17
30 14510
17 24
17 1
24 14511
1 42
1 22
42 14512
22 14513
18 14514
32 14515
14 14
14 18
14 14
14 1
14 15
1 7
7 14516
15 38
15 5
15 15
38 14517
5 14518
15 9
15 14
9 14519
14 15
15 24
15 15
24 14520
15 9
15 4
15 4
9 14521
4 5
5 14522
4 5
5 14523
18 14524
14 1
14 15
1 10
1 21
1 11
10 14525
21 14526
11 14527
15 39
15 15
39 14528
15 6
15 4
15 4
6 14529
4 33
4 4
33 13
13 14530
4 5
5 14531
4 5
5 14532
20 14533
34 14534
