14 1
14 15
14 20
1 2
2 10648
15 3
15 15
3 10649
15 30
15 14
30 10650
14 15
15 24
15 15
24 10651
15 9
15 16
9 10652
16 28
16 14
28 36
36 10653
14 1
14 15
1 7
7 10654
15 3
15 15
3 10655
15 6
15 16
6 10656
16 46
16 14
46 40
40 10657
14 1
14 15
1 1
1 18
1 16
1 18
1 2
1 2
2 10658
2 10659
18 10660
16 28
16 14
28 36
36 10661
14 15
15 3
15 15
3 10662
15 30
15 1
30 10663
1 10
1 2
1 11
10 10664
2 10665
11 10666
18 10667
15 3
15 1
15 4
3 10668
1 10
1 11
10 10669
11 10670
4 13
4 17
13 10671
17 13
17 1
13 10672
1 42
1 11
42 10673
11 10674
20 10675
