14 19
14 1
14 15
14 20
19 11177
1 1
1 18
1 33
1 18
1 2
2 11178
18 11179
33 21
33 19
33 21
33 19
33 33
21 11180
19 11181
21 11182
19 11183
33 21
33 17
21 11184
17 13
17 14
13 11185
14 15
15 30
15 15
30 11186
15 6
15 17
6 11187
17 13
17 1
13 11188
1 10
1 11
10 11189
11 11190
18 11191
15 3
15 25
15 4
15 16
3 11192
25 26
26 11193
4 5
5 11194
16 13
16 14
13 11195
14 1
14 15
1 10
1 11
10 11196
11 11197
15 3
15 15
3 11198
15 6
15 1
6 11199
1 1
1 22
1 2
1 2
1 43
2 11200
2 11201
43 11202
22 11203
20 11204
