14 1
14 4
14 15
14 20
1 2
1 2
2 11078
2 11079
4 5
5 11080
15 15
15 18
15 19
15 15
15 3
15 1
15 16
3 11081
1 7
7 11082
16 46
16 14
46 40
40 11083
14 15
15 24
15 15
24 11084
15 9
15 1
15 17
9 11085
1 42
1 22
42 11086
22 11087
17 13
17 14
13 11088
14 15
15 30
15 17
30 11089
17 13
17 1
13 11090
1 10
1 11
10 11091
11 11092
18 11093
19 11094
15 3
15 17
15 14
3 11095
17 13
17 19
17 13
17 1
13 11096
19 11097
13 11098
1 10
1 22
10 11099
22 11100
14 15
15 30
15 1
30 11101
1 42
1 22
42 11102
22 11103
20 11104
