14 17
14 17
14 1
14 15
14 20
17 13
17 1
13 10428
1 11
11 10429
17 13
17 1
13 10430
1 2
2 10431
1 7
7 10432
15 3
15 1
15 14
15 17
3 10433
1 7
7 10434
14 33
33 10
33 21
10 10435
21 10436
17 13
17 1
13 10437
1 1
1 16
1 30
1 22
30 10438
22 10439
16 14
14 1
14 15
1 7
7 10440
15 3
15 15
3 10441
15 6
15 17
15 17
6 10442
17 13
17 17
13 10443
17 13
17 1
13 10444
1 1
1 15
1 10
1 11
1 11
10 10445
11 10446
11 10447
15 6
15 14
6 10448
14 1
1 2
2 10449
17 13
17 1
13 10450
1 10
1 22
10 10451
22 10452
20 10453
