14 14
14 18
14 1
14 15
14 20
14 15
15 30
15 1
30 13465
1 1
1 17
1 10
1 11
10 13466
11 13467
17 13
17 1
13 13468
1 1
1 11
1 2
1 43
2 13469
43 13470
11 13471
18 13472
1 7
7 13473
15 3
15 4
15 18
15 32
15 14
3 13474
4 5
5 13475
18 13476
32 13477
14 19
14 1
14 4
14 15
19 13478
1 22
22 13479
4 5
5 13480
15 38
15 17
38 13481
17 13
17 1
13 13482
1 1
1 53
1 17
1 21
1 22
21 13483
22 13484
53 18
53 14
53 18
18 13485
14 1
14 15
1 7
7 13486
15 38
38 13487
18 13488
17 13
17 1
13 13489
1 21
1 22
21 13490
22 13491
20 13492
