14 14
14 18
14 19
14 14
14 20
14 1
14 15
1 7
7 10684
15 3
15 4
15 15
3 10685
4 5
5 10686
15 30
15 17
30 10687
17 13
17 1
13 10688
1 1
1 16
1 10
1 11
10 10689
11 10690
16 14
14 15
15 24
15 15
24 10691
15 9
15 1
9 10692
1 2
2 10693
18 10694
19 10695
14 1
14 15
1 1
1 18
1 16
1 18
1 2
1 2
2 10696
2 10697
18 10698
16 28
16 14
28 36
36 10699
14 15
15 8
15 15
8 10700
15 9
15 1
15 4
9 10701
1 11
11 10702
4 4
4 17
4 12
12 10703
17 13
17 1
13 10704
1 1
1 17
1 10
1 11
10 10705
11 10706
17 13
17 1
13 10707
1 10
1 11
10 10708
11 10709
18 10710
15 3
15 4
15 17
3 10711
4 5
5 10712
17 13
17 1
13 10713
1 10
1 11
10 10714
11 10715
20 10716
