35 32
35 14
35 18
35 34
35 15
35 1
35 4
35 18
35 14
35 20
32 13437
14 52
14 18
14 1
14 15
52 48
48 13438
18 13439
1 1
1 10
1 11
10 13440
11 13441
15 39
15 4
15 16
39 13442
4 5
5 13443
16 14
14 15
15 24
15 15
24 13444
15 9
15 25
15 16
9 13445
25 26
26 13446
16 13
16 14
13 13447
14 1
14 15
1 7
7 13448
15 38
38 13449
18 13450
34 13451
15 3
3 13452
1 2
2 13453
4 5
5 13454
18 13455
14 15
15 30
15 15
15 4
15 17
30 13456
15 6
6 13457
4 13
4 27
13 13458
27 13459
17 13
17 1
13 13460
1 42
1 21
1 11
42 13461
21 13462
11 13463
20 13464
