14 14
14 18
14 19
14 14
14 20
14 1
14 15
1 47
47 13251
15 3
15 17
15 1
3 13252
17 13
17 1
13 13253
1 11
11 13254
1 1
1 17
1 1
1 4
1 1
1 11
11 13255
4 13
4 10
13 13256
10 13257
1 21
21 13258
17 13
17 1
13 13259
1 2
1 19
1 2
2 13260
19 13261
2 13262
18 13263
19 13264
14 16
14 18
14 1
14 15
16 13
16 14
13 13265
14 1
14 15
1 10
1 21
1 11
10 13266
21 13267
11 13268
15 3
15 33
3 13269
33 21
33 17
21 13270
17 13
17 1
13 13271
1 22
22 13272
18 13273
1 1
1 17
1 10
10 13274
17 13
17 1
13 13275
1 7
7 13276
15 8
15 15
8 13277
15 9
15 1
9 13278
1 1
1 16
1 55
55 13279
16 13
16 14
13 13280
14 15
15 15
15 19
15 15
15 9
15 1
9 13281
1 42
1 22
42 13282
22 13283
19 13284
15 9
9 13285
20 13286
