14 14
14 31
14 14
14 20
14 17
14 18
14 1
14 15
17 13
17 1
13 15684
1 10
1 11
10 15685
11 15686
18 15687
1 7
7 15688
15 3
15 33
3 15689
33 21
33 16
21 15690
16 14
14 1
14 15
1 7
7 15691
15 8
15 15
8 15692
15 6
15 17
6 15693
17 13
17 1
13 15694
1 10
1 11
10 15695
11 15696
31 15697
14 1
14 15
1 10
10 15698
15 3
15 1
15 18
15 17
3 15699
1 5
1 21
5 15700
21 15701
18 15702
17 13
17 1
13 15703
1 1
1 17
1 11
11 15704
17 13
17 1
13 15705
1 1
1 16
1 11
11 15706
16 28
16 14
28 29
29 15707
14 15
15 3
15 15
3 15708
15 6
15 4
6 15709
4 5
4 5
5 15710
5 15711
20 15712
