14 32
14 16
14 18
14 1
14 15
14 20
14 34
32 14549
16 13
16 14
13 14550
14 1
14 15
1 1
1 17
1 10
10 14551
17 13
17 1
13 14552
1 7
7 14553
15 38
15 14
38 14554
14 1
14 15
1 7
7 14555
15 6
6 14556
18 14557
1 7
7 14558
15 8
15 4
15 15
8 14559
4 5
5 14560
15 9
15 16
9 14561
16 13
16 14
13 14562
14 1
14 15
1 7
7 14563
15 38
15 15
38 14564
15 15
15 18
15 19
15 15
15 6
15 1
6 14565
1 1
1 16
1 1
1 17
1 10
1 11
10 14566
11 14567
17 13
17 1
13 14568
1 10
1 22
10 14569
22 14570
16 14
14 1
14 15
1 2
2 14571
15 3
15 1
15 17
3 14572
1 7
7 14573
17 13
13 14574
18 14575
19 14576
15 3
15 1
15 17
3 14577
1 7
7 14578
17 13
17 1
13 14579
1 7
7 14580
20 14581
34 14582
