14 14
14 31
14 14
14 20
14 1
14 15
1 2
2 14908
15 4
15 3
15 25
15 1
15 19
15 15
4 5
5 14909
3 14910
25 26
26 14911
1 10
1 21
1 11
10 14912
21 14913
11 14914
19 14915
15 3
15 17
3 14916
17 13
17 1
13 14917
1 10
1 11
10 14918
11 14919
31 14920
14 1
14 15
1 7
7 14921
15 15
15 18
15 15
15 18
15 19
15 14
15 3
3 14922
18 14923
15 3
15 1
15 17
3 14924
1 2
2 14925
17 13
17 1
13 14926
1 10
1 11
10 14927
11 14928
18 14929
19 14930
14 1
14 15
1 1
1 17
1 10
1 11
10 14931
11 14932
17 13
17 1
13 14933
1 7
7 14934
15 3
15 17
3 14935
17 4
17 13
17 1
4 5
5 14936
13 14937
1 1
1 17
1 10
1 11
10 14938
11 14939
17 13
17 1
13 14940
1 11
11 14941
20 14942
