14 14
14 18
14 19
14 14
14 20
14 1
14 15
1 47
47 13767
15 3
15 1
3 13768
1 10
1 33
1 11
1 16
10 13769
33 5
33 21
5 13770
21 13771
11 13772
16 14
14 1
14 15
1 7
7 13773
15 3
15 15
3 13774
15 30
15 14
30 13775
14 15
15 24
15 15
24 13776
15 9
15 15
9 13777
15 6
15 17
6 13778
17 13
17 1
13 13779
1 1
1 19
1 1
1 2
2 13780
19 13781
1 2
1 2
2 13782
2 13783
18 13784
19 13785
14 1
14 15
1 2
2 13786
15 3
15 16
3 13787
16 14
14 1
14 15
1 7
7 13788
15 3
15 15
3 13789
15 30
15 1
15 18
15 14
30 13790
1 42
1 11
42 13791
11 13792
18 13793
14 15
15 30
15 1
15 1
30 13794
1 10
1 11
1 11
10 13795
11 13796
11 13797
1 11
11 13798
20 13799
