14 1
14 15
14 20
14 34
1 7
7 13899
15 3
15 4
15 15
3 13900
4 5
5 13901
15 6
15 1
15 16
6 13902
1 10
1 11
1 11
10 13903
11 13904
11 13905
16 46
16 14
46 40
40 13906
14 1
14 15
1 10
1 11
10 13907
11 13908
15 3
15 17
15 18
15 32
15 14
3 13909
17 13
17 1
13 13910
1 1
1 17
1 10
1 11
10 13911
11 13912
17 27
17 1
27 13913
1 7
7 13914
18 13915
32 13916
14 1
14 15
1 7
7 13917
15 8
15 5
15 15
8 13918
5 13919
15 9
15 16
9 13920
16 14
14 1
14 15
1 7
7 13921
15 38
15 15
38 13922
15 30
15 14
30 13923
14 15
15 24
15 15
24 13924
15 9
15 1
15 18
15 1
9 13925
1 10
10 13926
18 13927
1 2
2 13928
20 13929
34 13930
