14 32
14 14
14 53
14 32
14 14
14 20
14 34
32 13964
14 1
14 4
14 15
1 7
7 13965
4 5
5 13966
15 3
15 1
3 13967
1 42
1 11
42 13968
11 13969
53 18
53 34
53 14
53 18
18 13970
34 13971
14 1
14 15
1 2
2 13972
15 3
3 13973
18 13974
32 13975
14 1
14 31
14 14
14 18
14 14
1 2
2 13976
31 13977
14 1
14 15
1 7
7 13978
15 39
15 1
39 13979
1 10
1 11
10 13980
11 13981
18 13982
14 1
14 15
1 7
7 13983
15 8
15 15
8 13984
15 9
15 1
15 17
9 13985
1 10
1 11
10 13986
11 13987
17 24
17 1
24 13988
1 10
10 13989
20 13990
34 13991
