14 1
14 15
14 20
14 34
1 2
2 13732
15 3
15 15
3 13733
15 6
15 1
15 14
6 13734
1 10
1 11
10 13735
11 13736
14 15
15 30
15 1
15 1
30 13737
1 7
7 13738
1 1
1 17
1 11
11 13739
17 21
17 13
17 32
17 14
21 13740
13 13741
32 13742
14 16
14 18
14 1
14 15
16 13
16 14
13 13743
14 1
14 15
1 7
7 13744
15 39
15 14
39 13745
14 15
15 24
15 15
24 13746
15 9
15 1
9 13747
1 7
7 13748
18 13749
1 7
7 13750
15 8
15 4
15 15
8 13751
4 12
12 13752
15 9
15 1
15 18
15 16
9 13753
1 7
7 13754
18 13755
16 13
16 14
13 13756
14 1
14 15
1 7
7 13757
15 8
15 5
15 15
8 13758
5 13759
15 9
15 16
9 13760
16 46
16 14
46 40
40 13761
14 15
15 24
15 15
24 13762
15 9
15 1
9 13763
1 7
7 13764
20 13765
34 13766
