1 2
2 3
3 4
4 16185
2 8
8 16
16 16186
8 8
8 17
17 16187
8 8
8 10
10 16188
8 42
42 43
43 16189
8 2
2 8
8 41
41 16190
8 8
8 17
17 16191
8 24
24 23
23 16192
24 3
3 15
15 16193
8 12
12 13
13 16194
12 13
13 16195
8 25
25 16196
8 14
14 23
23 16197
14 2
2 3
3 15
15 16198
2 8
8 17
17 16199
8 2
2 3
3 39
39 16200
3 11
11 19
19 16201
2 8
8 17
17 16202
8 3
3 15
15 16203
8 12
12 13
13 16204
2 26
26 25
25 16205
26 27
27 16206
26 2
2 3
3 15
15 16207
2 12
12 13
13 16208
2 8
8 9
9 16209
8 28
28 35
35 16210
28 35
35 16211
28 14
14 48
48 18
18 16212
14 2
2 3
3 15
15 16213
2 8
8 9
9 16214
8 2
2 8
8 41
41 16215
8 8
8 17
17 16216
8 2
2 8
8 9
9 16217
8 8
8 10
10 16218
8 24
24 23
23 16219
