1 2
2 8
8 47
47 15645
8 24
24 23
23 15646
24 3
3 37
37 15647
2 26
26 25
25 15648
26 3
3 15
15 15649
26 8
8 9
9 15650
8 24
24 23
23 15651
24 3
3 66
66 15652
3 37
37 15653
3 11
11 25
25 15654
11 31
31 32
32 15655
31 24
24 41
41 15656
24 3
3 18
18 15657
3 19
19 15658
3 11
11 24
24 23
23 15659
24 3
3 18
18 15660
3 19
19 15661
3 11
11 14
14 55
55 56
56 15662
14 2
2 3
3 15
15 15663
2 8
8 9
9 15664
8 24
24 23
23 15665
24 3
3 18
18 15666
3 19
19 15667
3 35
35 15668
11 35
35 15669
11 36
36 27
27 15670
36 2
2 3
3 15
15 15671
2 8
8 9
9 15672
