1 2
2 3
3 46
46 13362
3 15
15 13363
2 46
46 13364
2 27
27 13365
2 2
2 3
3 18
18 13366
3 19
19 13367
2 8
8 40
40 13368
8 12
12 13
13 13369
8 14
14 23
23 13370
14 2
2 3
3 15
15 13371
2 8
8 39
39 13372
8 3
3 19
19 13373
8 12
12 13
13 13374
12 24
24 23
23 13375
24 3
3 18
18 13376
3 19
19 13377
2 26
26 27
27 13378
26 2
2 3
3 15
15 13379
2 8
8 39
39 13380
8 14
14 2
2 3
3 15
15 13381
2 8
8 9
9 13382
8 3
3 66
66 13383
3 32
32 13384
3 37
37 13385
8 24
24 23
23 13386
24 3
3 15
15 13387
2 53
53 25
25 13388
53 8
8 46
46 13389
8 9
9 13390
53 3
3 4
4 13391
3 13
13 13392
53 33
33 13393
