1 2
2 14
14 46
46 14774
14 23
23 14775
14 2
2 12
12 18
18 14776
12 23
23 14777
2 3
3 15
15 14778
2 8
8 40
40 14779
8 2
2 3
3 15
15 14780
2 8
8 10
10 14781
2 25
25 14782
2 3
3 15
15 14783
3 39
39 14784
3 11
11 19
19 14785
2 12
12 13
13 14786
2 8
8 17
17 14787
8 14
14 23
23 14788
14 2
2 3
3 15
15 14789
2 46
46 14790
8 28
28 27
27 14791
28 8
8 9
9 14792
8 14
14 23
23 14793
14 2
2 3
3 63
63 4
4 14794
63 24
24 23
23 14795
24 3
3 18
18 14796
3 4
4 14797
3 4
4 14798
2 8
8 9
9 14799
8 3
3 15
15 14800
8 12
12 13
13 14801
8 25
25 14802
