1 2
2 12
12 58
58 13856
12 18
18 13857
12 32
32 13858
2 25
25 13859
2 3
3 15
15 13860
2 8
8 17
17 13861
8 46
46 13862
8 36
36 34
34 52
52 13863
8 14
14 48
48 49
49 13864
14 2
2 3
3 15
15 13865
2 46
46 13866
2 3
3 65
65 13867
2 8
8 40
40 13868
8 3
3 18
18 13869
3 32
32 13870
3 19
19 13871
8 24
24 41
41 13872
24 3
3 18
18 13873
3 19
19 13874
2 26
26 25
25 13875
26 36
36 2
2 3
3 4
4 13876
2 8
8 9
9 13877
26 25
25 13878
26 14
14 23
23 13879
14 2
2 3
3 15
15 13880
2 8
8 9
9 13881
8 31
31 13
13 13882
31 32
32 13883
31 2
2 8
8 12
12 13
13 13884
8 47
47 13885
8 24
24 41
41 13886
24 3
3 4
4 13887
3 27
27 13888
3 4
4 13889
8 2
2 8
8 47
47 13890
8 2
2 31
31 13
13 13891
2 26
26 25
25 13892
26 3
3 4
4 13893
3 4
4 13894
3 39
39 13895
3 11
11 4
4 13896
