1 2
2 8
8 17
17 10640
8 25
25 10641
8 2
2 3
3 15
15 10642
2 8
8 40
40 10643
8 3
3 15
15 10644
8 24
24 12
12 13
13 10645
24 23
23 10646
24 3
3 18
18 10647
2 26
26 27
27 10648
26 2
2 14
14 23
23 10649
14 2
2 3
3 15
15 10650
2 8
8 54
54 10651
8 67
67 31
31 32
32 10652
67 35
35 10653
67 5
5 35
35 10654
5 5
5 34
34 52
52 10655
5 33
33 10656
5 33
33 10657
67 33
33 10658
2 3
3 46
46 10659
3 66
66 10660
3 19
19 10661
2 8
8 9
9 10662
8 25
25 10663
8 14
14 23
23 10664
14 2
2 3
3 18
18 10665
3 4
4 10666
2 8
8 9
9 10667
8 8
8 12
12 13
13 10668
8 9
9 10669
8 3
3 32
32 10670
2 26
26 25
25 10671
