1 2
2 3
3 4
4 10899
2 8
8 9
9 10900
8 8
8 10
10 10901
8 2
2 3
3 4
4 10902
3 11
11 27
27 10903
11 3
3 4
4 10904
3 4
4 10905
2 8
8 17
17 10906
8 24
24 23
23 10907
24 3
3 18
18 10908
3 19
19 10909
3 37
37 10910
8 25
25 10911
8 2
2 8
8 47
47 10912
8 14
14 23
23 10913
14 2
2 3
3 18
18 10914
3 11
11 24
24 23
23 10915
24 3
3 15
15 10916
2 8
8 9
9 10917
8 2
2 8
8 41
41 10918
8 8
8 17
17 10919
8 14
14 23
23 10920
14 2
2 3
3 15
15 10921
2 8
8 9
9 10922
8 31
31 13
13 10923
31 32
32 10924
2 26
26 25
25 10925
