1 2
2 24
24 23
23 13974
24 3
3 18
18 13975
3 32
32 13976
3 19
19 13977
2 25
25 13978
2 3
3 4
4 13979
3 39
39 13980
2 8
8 54
54 13981
8 8
8 47
47 13982
8 2
2 8
8 40
40 13983
8 8
8 10
10 13984
8 8
8 47
47 13985
8 12
12 13
13 13986
8 24
24 23
23 13987
24 24
24 23
23 13988
24 3
3 18
18 13989
3 19
19 13990
3 35
35 13991
2 26
26 35
35 13992
26 2
2 3
3 18
18 13993
2 8
8 9
9 13994
8 3
3 66
66 13995
3 32
32 13996
3 19
19 13997
3 2
2 8
8 41
41 13998
8 8
8 17
17 13999
8 3
3 32
32 14000
3 19
19 14001
3 11
11 35
35 14002
11 24
24 41
41 14003
24 35
35 14004
24 3
3 19
19 14005
26 33
33 14006
