1 2
2 3
3 15
15 10229
3 19
19 10230
3 39
39 10231
3 11
11 19
19 10232
3 11
11 3
3 18
18 10233
3 32
32 10234
3 64
64 10235
3 11
11 25
25 10236
11 12
12 13
13 10237
3 11
11 35
35 10238
11 3
3 18
18 10239
3 19
19 10240
3 11
11 3
3 4
4 10241
3 4
4 10242
2 8
8 9
9 10243
8 3
3 15
15 10244
8 25
25 10245
8 2
2 3
3 15
15 10246
2 8
8 39
39 10247
8 2
2 3
3 65
65 10248
2 8
8 9
9 10249
8 3
3 45
45 10250
3 11
11 24
24 23
23 10251
24 3
3 66
66 10252
3 19
19 10253
3 11
11 8
8 47
47 10254
8 24
24 23
23 10255
24 3
3 18
18 10256
