1 2
2 3
3 46
46 14244
3 4
4 14245
3 46
46 14246
3 4
4 14247
2 3
3 15
15 14248
2 8
8 40
40 14249
8 24
24 23
23 14250
24 3
3 4
4 14251
8 28
28 25
25 14252
28 8
8 40
40 14253
8 14
14 2
2 3
3 15
15 14254
2 8
8 12
12 13
13 14255
8 17
17 14256
8 24
24 23
23 14257
24 3
3 37
37 14258
8 25
25 14259
8 2
2 3
3 15
15 14260
2 8
8 17
17 14261
2 26
26 46
46 14262
26 3
3 15
15 14263
26 8
8 40
40 14264
8 2
2 3
3 4
4 14265
2 8
8 41
41 14266
8 8
8 17
17 14267
8 3
3 18
18 14268
3 4
4 14269
3 4
4 14270
2 26
26 25
25 14271
26 27
27 14272
26 2
2 3
3 15
15 14273
3 39
39 14274
3 11
11 19
19 14275
2 8
8 40
40 14276
8 3
3 58
58 14277
3 18
18 14278
3 37
37 14279
8 14
14 2
2 3
3 15
15 14280
