1 2
2 12
12 46
46 14297
12 18
18 14298
12 19
19 14299
2 25
25 14300
2 36
36 27
27 14301
36 2
2 3
3 15
15 14302
2 8
8 9
9 14303
8 3
3 15
15 14304
2 25
25 14305
2 3
3 15
15 14306
2 12
12 13
13 14307
2 8
8 40
40 14308
8 14
14 48
48 49
49 14309
14 2
2 3
3 15
15 14310
2 8
8 9
9 14311
8 14
14 55
55 56
56 14312
14 2
2 3
3 15
15 14313
2 35
35 14314
2 12
12 13
13 14315
2 24
24 23
23 14316
24 3
3 18
18 14317
3 19
19 14318
3 19
19 14319
3 19
19 14320
2 25
25 14321
2 3
3 15
15 14322
3 39
39 14323
3 11
11 4
4 14324
