1 2
2 24
24 23
23 15961
24 3
3 18
18 15962
3 19
19 15963
2 25
25 15964
2 3
3 15
15 15965
2 8
8 9
9 15966
8 31
31 32
32 15967
31 2
2 3
3 15
15 15968
2 46
46 15969
2 3
3 65
65 15970
2 8
8 9
9 15971
8 24
24 23
23 15972
24 3
3 18
18 15973
3 19
19 15974
3 35
35 15975
8 35
35 15976
8 14
14 2
2 3
3 18
18 15977
2 8
8 9
9 15978
8 31
31 13
13 15979
31 32
32 15980
8 25
25 15981
8 24
24 23
23 15982
24 3
3 19
19 15983
3 11
11 24
24 23
23 15984
24 3
3 19
19 15985
3 11
11 14
14 48
48 30
30 15986
14 2
2 8
8 9
9 15987
8 8
8 10
10 15988
8 12
12 13
13 15989
