1 2
2 3
3 15
15 12028
2 8
8 9
9 12029
8 12
12 13
13 12030
8 28
28 27
27 12031
28 8
8 9
9 12032
8 14
14 2
2 3
3 66
66 12033
3 19
19 12034
2 8
8 40
40 12035
8 24
24 23
23 12036
24 35
35 12037
24 35
35 12038
24 3
3 23
23 12039
3 32
32 12040
3 11
11 14
14 2
2 3
3 15
15 12041
2 8
8 9
9 12042
8 8
8 47
47 12043
8 3
3 19
19 12044
8 24
24 23
23 12045
24 3
3 18
18 12046
3 32
32 12047
3 19
19 12048
3 11
11 25
25 12049
11 8
8 47
47 12050
8 3
3 18
18 12051
3 19
19 12052
3 35
35 12053
8 35
35 12054
8 3
3 19
19 12055
3 11
11 8
8 10
10 12056
8 24
24 23
23 12057
24 3
3 66
66 12058
3 37
37 12059
3 11
11 25
25 12060
11 8
8 10
10 12061
8 24
24 23
23 12062
24 3
3 18
18 12063
