1 2
2 3
3 19
19 10682
2 8
8 9
9 10683
8 8
8 47
47 10684
8 2
2 8
8 41
41 10685
8 8
8 17
17 10686
8 14
14 48
48 49
49 10687
14 2
2 3
3 15
15 10688
2 46
46 10689
2 3
3 65
65 10690
2 8
8 10
10 10691
8 14
14 55
55 56
56 10692
14 2
2 3
3 4
4 10693
3 4
4 10694
3 11
11 25
25 10695
11 14
14 48
48 49
49 10696
14 2
2 8
8 9
9 10697
8 8
8 47
47 10698
8 3
3 18
18 10699
3 32
32 10700
3 19
19 10701
2 25
25 10702
2 8
8 9
9 10703
8 3
3 18
18 10704
3 19
19 10705
3 11
11 24
24 23
23 10706
24 24
24 23
23 10707
24 3
3 66
66 10708
3 19
19 10709
2 33
33 10710
