1 2
2 8
8 46
46 12851
8 4
4 12852
8 35
35 12853
8 35
35 12854
8 3
3 32
32 12855
3 35
35 12856
2 26
26 35
35 12857
26 2
2 3
3 15
15 12858
3 39
39 12859
3 11
11 19
19 12860
2 8
8 40
40 12861
8 2
2 8
8 41
41 12862
8 8
8 17
17 12863
8 3
3 15
15 12864
3 11
11 3
3 18
18 12865
3 32
32 12866
3 19
19 12867
3 11
11 25
25 12868
11 3
3 19
19 12869
3 35
35 12870
3 11
11 35
35 12871
11 3
3 18
18 12872
3 32
32 12873
3 64
64 12874
3 64
64 12875
3 11
11 27
27 12876
11 3
3 18
18 12877
3 4
4 12878
3 4
4 12879
2 26
26 25
25 12880
26 2
2 3
3 15
15 12881
2 46
46 12882
2 3
3 65
65 12883
2 8
8 40
40 12884
26 33
33 12885
26 46
46 12886
