1 2
2 3
3 4
4 14810
2 8
8 9
9 14811
8 3
3 66
66 14812
3 19
19 14813
8 25
25 14814
8 2
2 12
12 13
13 14815
2 8
8 41
41 14816
8 8
8 17
17 14817
8 3
3 4
4 14818
8 14
14 55
55 13
13 14819
55 56
56 14820
14 2
2 8
8 41
41 14821
8 8
8 17
17 14822
8 3
3 18
18 14823
3 19
19 14824
3 11
11 24
24 23
23 14825
24 3
3 18
18 14826
3 38
38 14827
2 26
26 25
25 14828
26 27
27 14829
26 2
2 3
3 4
4 14830
2 8
8 9
9 14831
8 24
24 23
23 14832
24 3
3 15
15 14833
8 2
2 8
8 41
41 14834
8 8
8 17
17 14835
8 31
31 32
32 14836
8 28
28 27
27 14837
28 8
8 10
10 14838
8 3
3 15
15 14839
3 18
18 14840
8 12
12 13
13 14841
26 33
33 14842
