1 2
2 3
3 4
4 15199
2 8
8 9
9 15200
2 26
26 25
25 15201
26 27
27 15202
26 2
2 3
3 18
18 15203
3 64
64 15204
3 11
11 24
24 23
23 15205
24 3
3 15
15 15206
2 8
8 9
9 15207
8 42
42 43
43 15208
8 3
3 18
18 15209
3 19
19 15210
3 11
11 25
25 15211
11 36
36 2
2 13
13 15212
2 8
8 47
47 15213
8 12
12 13
13 15214
8 2
2 8
8 41
41 15215
8 8
8 17
17 15216
8 14
14 23
23 15217
14 2
2 3
3 4
4 15218
2 8
8 9
9 15219
8 24
24 47
47 15220
24 35
35 15221
24 35
35 15222
24 36
36 2
2 3
3 15
15 15223
2 8
8 9
9 15224
8 24
24 23
23 15225
24 3
3 18
18 15226
3 19
19 15227
8 28
28 27
27 15228
28 8
8 9
9 15229
8 12
12 13
13 15230
12 3
3 64
64 15231
3 19
19 15232
8 3
3 13
13 15233
3 18
18 15234
24 25
25 15235
24 3
3 4
4 15236
8 24
24 23
23 15237
24 3
3 18
18 15238
3 19
19 15239
11 25
25 15240
11 24
24 23
23 15241
24 3
3 18
18 15242
3 19
19 15243
3 11
11 14
14 55
55 56
56 15244
14 2
2 3
3 15
15 15245
2 8
8 9
9 15246
14 29
29 27
27 15247
29 14
14 55
55 56
56 15248
14 2
2 3
3 15
15 15249
2 8
8 9
9 15250
8 8
8 47
47 15251
11 35
35 15252
11 35
35 15253
11 2
2 3
3 15
15 15254
2 8
8 9
9 15255
8 24
24 23
23 15256
24 3
3 18
18 15257
3 19
19 15258
8 28
28 27
27 15259
28 8
8 9
9 15260
8 3
3 15
15 15261
8 24
24 23
23 15262
24 3
3 18
18 15263
3 32
32 15264
3 19
19 15265
3 11
11 25
25 15266
11 8
8 10
10 15267
8 24
24 23
23 15268
24 3
3 15
15 15269
8 28
28 27
27 15270
28 8
8 9
9 15271
8 42
42 43
43 15272
8 24
24 23
23 15273
24 3
3 66
66 15274
3 4
4 15275
3 19
19 15276
11 25
25 15277
11 14
14 48
48 30
30 15278
14 2
2 3
3 15
15 15279
2 8
8 9
9 15280
8 8
8 9
9 15281
8 12
12 3
3 37
37 15282
3 11
11 24
24 23
23 15283
24 3
3 18
18 15284
3 19
19 15285
