1 2
2 3
3 15
15 10831
2 8
8 9
9 10832
8 3
3 18
18 10833
3 32
32 10834
3 25
25 10835
3 32
32 10836
3 19
19 10837
2 26
26 25
25 10838
26 27
27 10839
26 2
2 3
3 18
18 10840
3 19
19 10841
2 8
8 9
9 10842
8 24
24 23
23 10843
24 3
3 66
66 10844
3 37
37 10845
8 14
14 23
23 10846
14 2
2 3
3 15
15 10847
2 8
8 9
9 10848
8 24
24 23
23 10849
24 3
3 18
18 10850
3 61
61 32
32 10851
61 37
37 10852
3 11
11 24
24 23
23 10853
24 3
3 18
18 10854
3 32
32 10855
3 25
25 10856
3 32
32 10857
3 19
19 10858
8 24
24 23
23 10859
24 3
3 18
18 10860
3 32
32 10861
3 19
19 10862
3 11
11 24
24 23
23 10863
24 3
3 18
18 10864
3 37
37 10865
3 11
11 24
24 41
41 10866
24 3
3 18
18 10867
3 10
10 10868
3 19
19 10869
3 11
11 25
25 10870
11 14
14 48
48 72
72 10871
48 37
37 10872
14 2
2 8
8 9
9 10873
8 8
8 47
47 10874
8 12
12 13
13 10875
8 24
24 23
23 10876
