1 2
2 3
3 15
15 11742
2 8
8 9
9 11743
8 3
3 18
18 11744
3 19
19 11745
8 28
28 27
27 11746
28 8
8 9
9 11747
8 12
12 13
13 11748
8 24
24 23
23 11749
24 3
3 18
18 11750
3 19
19 11751
3 11
11 27
27 11752
11 2
2 12
12 13
13 11753
2 25
25 11754
2 12
12 13
13 11755
2 3
3 15
15 11756
2 8
8 9
9 11757
2 26
26 35
35 11758
26 2
2 8
8 19
19 11759
8 8
8 10
10 11760
8 24
24 23
23 11761
24 3
3 66
66 11762
3 19
19 11763
2 26
26 25
25 11764
26 27
27 11765
26 2
2 3
3 66
66 11766
3 37
37 11767
2 8
8 10
10 11768
8 42
42 43
43 11769
8 24
24 23
23 11770
24 3
3 15
15 11771
2 26
26 35
35 11772
26 35
35 11773
26 27
27 11774
26 2
2 24
24 23
23 11775
24 3
3 18
18 11776
3 19
19 11777
3 11
11 24
24 23
23 11778
24 3
3 32
32 11779
3 19
19 11780
2 3
3 15
15 11781
2 8
8 9
9 11782
8 2
2 3
3 15
15 11783
2 35
35 11784
2 12
12 60
60 11785
2 8
8 9
9 11786
8 3
3 19
19 11787
3 11
11 14
14 2
2 3
3 15
15 11788
2 8
8 16
16 11789
8 8
8 17
17 11790
8 24
24 23
23 11791
24 2
2 8
8 47
47 11792
8 8
8 10
10 11793
24 35
35 11794
24 35
35 11795
24 36
36 2
2 3
3 18
18 11796
2 8
8 9
9 11797
8 31
31 32
32 11798
24 25
25 11799
