1 2
2 3
3 15
15 14083
2 8
8 9
9 14084
8 12
12 13
13 14085
8 8
8 10
10 14086
8 3
3 18
18 14087
3 19
19 14088
3 19
19 14089
3 11
11 14
14 55
55 56
56 14090
14 2
2 3
3 18
18 14091
3 19
19 14092
2 8
8 9
9 14093
8 24
24 23
23 14094
24 3
3 18
18 14095
3 19
19 14096
3 11
11 24
24 23
23 14097
24 3
3 15
15 14098
8 25
25 14099
8 2
2 3
3 46
46 14100
3 15
15 14101
2 8
8 16
16 14102
2 26
26 46
46 14103
26 3
3 15
15 14104
26 8
8 40
40 14105
8 2
2 3
3 15
15 14106
3 39
39 14107
3 11
11 19
19 14108
2 8
8 47
47 14109
