1 2
2 12
12 46
46 12142
12 13
13 12143
2 35
35 12144
2 35
35 12145
2 2
2 24
24 23
23 12146
24 3
3 18
18 12147
3 66
66 12148
3 19
19 12149
2 24
24 23
23 12150
24 3
3 4
4 12151
2 35
35 12152
2 35
35 12153
2 2
2 3
3 46
46 12154
3 4
4 12155
3 4
4 12156
2 8
8 9
9 12157
8 31
31 13
13 12158
31 32
32 12159
31 24
24 23
23 12160
24 3
3 19
19 12161
2 26
26 25
25 12162
26 27
27 12163
26 2
2 3
3 66
66 12164
3 37
37 12165
2 8
8 9
9 12166
8 12
12 13
13 12167
2 25
25 12168
2 46
46 12169
2 35
35 12170
2 35
35 12171
2 50
50 55
55 56
56 12172
