1 2
2 3
3 15
15 11742
2 8
8 9
9 11743
8 3
3 18
18 11744
3 19
19 11745
8 28
28 27
27 11746
28 8
8 9
9 11747
8 12
12 13
13 11748
8 24
24 23
23 11749
24 3
3 18
18 11750
3 19
19 11751
3 11
11 27
27 11752
11 2
2 12
12 13
13 11753
2 25
25 11754
2 12
12 13
13 11755
2 3
3 15
15 11756
2 8
8 9
9 11757
2 26
26 35
35 11758
26 2
2 8
8 19
19 11759
8 8
8 10
10 11760
8 24
24 23
23 11761
24 3
3 66
66 11762
3 19
19 11763
2 26
26 25
25 11764
26 27
27 11765
26 2
2 3
3 66
66 11766
3 37
37 11767
2 8
8 10
10 11768
8 42
42 43
43 11769
8 24
24 23
23 11770
24 3
3 15
15 11771
24 35
35 11772
8 35
35 11773
