1 2
2 3
3 71
71 13394
2 8
8 9
9 13395
8 24
24 23
23 13396
24 3
3 19
19 13397
8 3
3 19
19 13398
8 24
24 23
23 13399
24 3
3 13
13 13400
3 32
32 13401
3 11
11 24
24 23
23 13402
24 3
3 4
4 13403
3 27
27 13404
3 4
4 13405
2 26
26 25
25 13406
26 27
27 13407
26 2
2 14
14 23
23 13408
14 2
2 3
3 18
18 13409
3 4
4 13410
3 19
19 13411
2 8
8 9
9 13412
8 31
31 32
32 13413
31 24
24 23
23 13414
24 3
3 37
37 13415
2 25
25 13416
2 3
3 18
18 13417
3 11
11 24
24 23
23 13418
24 3
3 15
15 13419
2 8
8 16
16 13420
8 8
8 17
17 13421
