1 2
2 24
24 23
23 10448
24 3
3 19
19 10449
3 11
11 24
24 23
23 10450
24 3
3 4
4 10451
2 3
3 15
15 10452
2 8
8 10
10 10453
8 3
3 15
15 10454
3 18
18 10455
3 31
31 32
32 10456
31 24
24 23
23 10457
24 2
2 8
8 47
47 10458
8 3
3 37
37 10459
3 11
11 14
14 2
2 3
3 15
15 10460
2 8
8 39
39 10461
8 2
2 3
3 65
65 10462
2 8
8 10
10 10463
8 12
12 43
43 10464
12 24
24 23
23 10465
24 3
3 18
18 10466
3 19
19 10467
3 19
19 10468
3 11
11 8
8 10
10 10469
8 2
2 3
3 4
4 10470
8 24
24 23
23 10471
24 3
3 18
18 10472
3 37
37 10473
2 33
33 10474
