1 2
2 3
3 15
15 16088
2 8
8 9
9 16089
8 8
8 47
47 16090
8 12
12 13
13 16091
8 2
2 12
12 13
13 16092
2 25
25 16093
2 3
3 18
18 16094
3 64
64 16095
3 37
37 16096
2 8
8 47
47 16097
8 24
24 23
23 16098
24 3
3 15
15 16099
2 26
26 25
25 16100
26 27
27 16101
26 2
2 3
3 4
4 16102
2 8
8 9
9 16103
8 14
14 23
23 16104
14 2
2 3
3 18
18 16105
3 32
32 16106
3 19
19 16107
3 11
11 14
14 2
2 3
3 15
15 16108
2 8
8 40
40 16109
2 46
46 16110
2 36
36 27
27 16111
36 12
12 13
13 16112
36 31
31 32
32 16113
2 8
8 9
9 16114
8 14
14 23
23 16115
14 2
2 3
3 66
66 16116
3 32
32 16117
3 19
19 16118
2 8
8 9
9 16119
8 8
8 10
10 16120
8 3
3 15
15 16121
8 24
24 23
23 16122
24 3
3 19
19 16123
2 26
26 25
25 16124
26 27
27 16125
26 2
2 3
3 15
15 16126
2 8
8 9
9 16127
8 12
12 13
13 16128
8 8
8 47
47 16129
