1 2
2 3
3 4
4 10475
2 8
8 9
9 10476
8 8
8 47
47 10477
8 24
24 23
23 10478
24 24
24 41
41 10479
24 3
3 15
15 10480
8 3
3 18
18 10481
3 19
19 10482
3 11
11 25
25 10483
11 31
31 32
32 10484
31 24
24 23
23 10485
24 3
3 19
19 10486
3 11
11 14
14 48
48 30
30 10487
14 2
2 8
8 16
16 10488
8 8
8 17
17 10489
8 2
2 3
3 15
15 10490
2 8
8 17
17 10491
8 42
42 43
43 10492
8 24
24 41
41 10493
24 3
3 66
66 10494
3 19
19 10495
8 12
12 13
13 10496
2 26
26 25
25 10497
26 27
27 10498
26 2
2 3
3 19
19 10499
3 11
11 31
31 13
13 10500
2 8
8 9
9 10501
8 31
31 13
13 10502
31 32
32 10503
8 14
14 55
55 56
56 10504
14 2
2 3
3 4
4 10505
3 39
39 10506
2 8
8 54
54 10507
