1 1
1 30
1 1
1 4
1 5
1 6
5 13
13 11951
6 6
6 3
6 6
6 8
6 9
8 11952
9 10
10 11953
3 11954
6 8
6 5
6 9
8 11955
5 42
5 17
5 17
42 11956
17 11957
17 11958
9 20
20 11959
30 11960
1 1
1 2
1 3
1 1
1 1
1 30
1 1
1 5
1 5
1 6
5 21
5 17
21 11961
17 11962
5 13
13 11963
6 8
6 6
8 11964
6 31
6 5
6 18
6 2
6 1
31 11965
5 17
17 11966
18 20
18 5
20 11967
5 16
5 21
5 17
16 11968
21 11969
17 11970
2 11971
1 6
6 31
6 5
31 11972
5 16
5 17
16 11973
17 11974
30 11975
1 1
1 30
1 1
1 5
1 6
5 17
17 11976
6 6
6 2
6 6
6 8
6 18
8 11977
18 20
18 5
20 11978
5 42
5 22
42 11979
22 11980
2 11981
6 8
6 18
8 11982
18 20
18 5
20 11983
5 5
5 18
5 16
5 22
16 11984
22 11985
18 20
18 5
20 11986
5 5
5 6
5 22
22 11987
6 31
31 11988
30 11989
1 5
1 6
5 13
13 11990
6 8
6 25
6 5
6 2
6 18
8 11991
25 26
26 11992
5 5
5 18
5 5
5 30
5 5
5 42
5 17
42 11993
17 11994
30 11995
5 16
5 17
16 11996
17 11997
18 20
18 5
20 11998
