1 33
1 9
1 30
1 18
1 2
1 3
1 1
1 30
1 35
33 12060
9 10
10 12061
30 12062
18 18
18 30
18 35
18 1
18 20
18 5
20 12063
5 5
5 18
5 16
5 42
5 17
16 12064
42 12065
17 12066
18 20
18 5
20 12067
5 22
22 12068
30 12069
35 12070
1 5
1 6
5 7
5 7
7 12071
7 12072
6 8
6 34
8 12073
34 10
34 21
34 18
10 12074
21 12075
18 20
18 5
20 12076
5 17
17 12077
2 12078
3 12079
1 1
1 2
1 33
1 30
1 46
1 6
1 5
1 30
1 6
1 5
1 6
5 42
5 22
42 12080
22 12081
6 8
6 9
8 12082
9 10
10 12083
2 12084
33 12085
30 12086
46 41
41 12087
6 15
15 12088
5 13
13 12089
30 12090
6 14
6 6
14 12091
6 15
6 6
15 12092
6 11
6 5
11 12093
