1 1
1 2
1 3
1 1
1 4
1 5
1 6
5 13
13 10684
6 8
6 9
6 6
8 10685
9 10
10 10686
6 31
6 18
31 10687
18 20
18 5
20 10688
5 5
5 12
5 16
5 17
16 10689
17 10690
12 1
1 6
6 24
6 6
24 10691
6 15
6 5
15 10692
5 7
7 10693
2 10694
3 10695
1 5
1 6
5 5
5 2
5 12
5 2
5 7
5 7
7 10696
7 10697
2 10698
12 28
12 1
28 37
37 10699
1 6
6 14
6 6
14 10700
6 15
6 5
6 9
15 10701
5 17
17 10702
9 9
9 18
9 19
19 10703
18 20
18 5
20 10704
5 5
5 18
5 16
5 17
16 10705
17 10706
18 20
18 5
20 10707
5 16
5 17
16 10708
17 10709
2 10710
