1 1
1 2
1 3
1 1
1 4
1 5
1 6
5 47
47 13251
6 8
6 18
6 5
8 13252
18 20
18 5
20 13253
5 17
17 13254
5 5
5 18
5 5
5 9
5 5
5 17
17 13255
9 20
9 16
20 13256
16 13257
5 21
21 13258
18 20
18 5
20 13259
5 7
5 3
5 7
7 13260
3 13261
7 13262
2 13263
3 13264
1 12
1 2
1 5
1 6
12 20
12 1
20 13265
1 5
1 6
5 16
5 21
5 17
16 13266
21 13267
17 13268
6 8
6 34
8 13269
34 21
34 18
21 13270
18 20
18 5
20 13271
5 22
22 13272
2 13273
5 5
5 18
5 16
16 13274
18 20
18 5
20 13275
5 13
13 13276
6 14
6 6
14 13277
6 15
6 5
15 13278
