1 1
1 2
1 3
1 1
1 4
1 5
1 6
5 7
7 10454
6 8
6 6
8 10455
6 31
6 18
6 5
6 2
6 34
31 10456
18 20
18 18
20 10457
18 24
18 5
24 10458
5 13
13 10459
5 16
5 17
16 10460
17 10461
2 10462
34 21
34 18
21 10463
18 20
18 5
20 10464
5 5
5 12
5 17
17 10465
12 28
12 1
28 29
29 10466
1 6
6 14
6 6
14 10467
6 15
6 1
15 10468
1 5
1 6
5 13
13 10469
6 15
6 18
6 9
15 10470
18 25
18 18
25 26
26 10471
18 24
18 5
24 10472
5 42
5 17
42 10473
17 10474
9 10
10 10475
2 10476
3 10477
1 5
1 6
5 17
5 10
17 10478
10 10479
6 8
6 34
6 12
8 10480
