1 33
1 50
1 2
1 32
1 2
1 1
1 2
1 3
1 1
1 4
1 35
33 14053
50 38
50 10
50 5
50 6
38 14054
10 14055
5 13
13 14056
6 15
6 18
15 14057
18 20
18 5
20 14058
5 13
13 14059
2 14060
32 38
32 5
32 9
32 6
38 14061
5 13
13 14062
9 10
10 14063
6 15
6 18
15 14064
18 20
18 5
20 14065
5 13
13 14066
2 14067
1 5
1 6
5 13
13 14068
6 38
6 10
6 6
38 14069
10 14070
6 15
6 1
15 14071
1 5
1 6
5 7
7 14072
6 24
6 6
24 14073
6 15
6 5
15 14074
5 16
5 7
5 17
16 14075
7 14076
17 14077
2 14078
3 14079
1 5
1 6
5 13
13 14080
6 14
6 6
14 14081
6 15
6 5
15 14082
5 5
5 12
5 18
5 16
5 16
5 22
16 14083
16 14084
22 14085
12 1
1 5
1 6
5 13
13 14086
6 8
6 18
8 14087
18 20
18 5
20 14088
5 7
5 7
7 14089
7 14090
18 20
18 1
20 14091
