1 1
1 3
1 1
1 30
1 1
1 30
1 3
1 1
1 4
1 5
1 6
5 13
13 11671
6 6
6 3
6 6
6 8
6 5
8 11672
5 16
5 17
16 11673
17 11674
3 11675
6 8
6 9
6 18
8 11676
9 10
10 11677
18 20
18 5
20 11678
5 16
5 17
16 11679
17 11680
3 11681
1 9
1 2
1 1
9 10
10 11682
2 11683
1 9
1 5
1 6
9 10
10 11684
5 13
13 11685
6 8
8 11686
30 11687
1 1
1 2
1 3
1 1
1 5
1 6
5 17
17 11688
6 8
6 18
8 11689
18 20
18 5
20 11690
5 42
5 17
42 11691
17 11692
2 11693
3 11694
1 5
1 6
5 42
5 22
42 11695
22 11696
6 8
6 9
6 18
8 11697
9 20
20 11698
18 20
18 5
20 11699
5 13
13 11700
30 11701
3 11702
1 1
1 30
1 1
1 18
1 5
1 6
18 20
18 5
20 11703
5 5
5 18
5 16
5 17
16 11704
17 11705
18 20
18 5
20 11706
5 21
5 17
21 11707
17 11708
5 13
13 11709
