1 1
1 2
1 3
1 1
1 4
1 5
1 6
5 47
47 13767
6 8
6 5
8 13768
5 16
5 34
5 17
5 12
16 13769
34 10
34 21
10 13770
21 13771
17 13772
12 1
1 5
1 6
5 13
13 13773
6 8
6 6
8 13774
6 31
6 1
31 13775
1 6
6 24
6 6
24 13776
6 15
6 6
15 13777
6 11
6 18
11 13778
18 20
18 5
20 13779
5 5
5 3
5 5
5 7
7 13780
3 13781
5 7
5 7
7 13782
7 13783
2 13784
3 13785
1 5
1 6
5 7
7 13786
6 8
6 12
8 13787
12 1
1 5
1 6
5 13
13 13788
6 8
6 6
8 13789
6 31
6 5
6 2
6 1
31 13790
5 42
5 17
42 13791
17 13792
2 13793
1 6
6 31
6 5
6 5
31 13794
5 16
5 17
5 17
16 13795
17 13796
17 13797
5 17
17 13798
4 13799
