1 33
1 12
1 2
1 5
1 6
1 4
1 35
33 14549
12 20
12 1
20 14550
1 5
1 6
5 5
5 18
5 16
16 14551
18 20
18 5
20 14552
5 13
13 14553
6 38
6 1
38 14554
1 5
1 6
5 13
13 14555
6 11
11 14556
2 14557
5 13
13 14558
6 14
6 9
6 6
14 14559
9 10
10 14560
6 15
6 12
15 14561
12 20
12 1
20 14562
1 5
1 6
5 13
13 14563
6 38
6 6
38 14564
6 6
6 2
6 3
6 6
6 11
6 5
11 14565
5 5
5 12
5 5
5 18
5 16
5 17
16 14566
17 14567
18 20
18 5
20 14568
5 16
5 22
16 14569
22 14570
12 1
1 5
1 6
5 7
7 14571
6 8
6 5
6 18
8 14572
5 13
13 14573
18 20
20 14574
2 14575
3 14576
6 8
6 5
6 18
8 14577
5 13
13 14578
