1 1
1 2
1 3
1 1
1 4
1 5
1 6
5 13
13 15808
6 8
6 6
8 15809
6 31
6 9
6 2
6 1
31 15810
9 10
9 10
10 15811
10 15812
2 15813
1 5
1 6
5 44
5 22
44 16
44 45
16 15814
45 15815
22 15816
6 31
6 18
31 15817
18 20
18 5
20 15818
5 13
13 15819
2 15820
3 15821
1 1
1 2
1 3
1 1
1 5
1 6
5 7
7 15822
6 8
6 12
8 15823
12 20
12 1
20 15824
1 5
1 6
5 5
5 12
5 16
5 21
5 17
16 15825
21 15826
17 15827
12 1
1 5
1 6
5 13
13 15828
6 8
6 10
6 9
6 34
8 15829
10 15830
9 10
10 15831
34 21
21 15832
6 8
6 12
8 15833
12 20
12 1
20 15834
1 5
1 6
5 42
5 21
5 17
42 15835
21 15836
17 15837
6 8
6 6
8 15838
6 11
6 5
6 18
11 15839
5 13
13 15840
18 20
18 5
20 15841
5 17
17 15842
2 15843
3 15844
1 5
1 6
5 1
5 2
5 5
1 5
1 6
5 13
13 15845
