1 1
1 2
1 3
1 1
1 4
1 5
1 6
5 13
13 10792
6 8
6 5
8 10793
5 16
5 21
5 2
5 21
5 17
16 10794
21 10795
2 10796
21 10797
17 10798
2 10799
3 10800
1 5
1 6
5 16
5 17
16 10801
17 10802
6 8
6 18
6 12
8 10803
18 20
18 5
20 10804
5 42
5 22
42 10805
22 10806
12 20
12 1
20 10807
1 5
1 6
5 13
13 10808
6 8
6 18
6 18
8 10809
18 20
18 5
20 10810
5 16
5 31
5 22
16 10811
31 10812
22 10813
18 20
18 5
20 10814
5 5
5 18
5 16
5 21
5 2
5 21
5 17
16 10815
21 10816
2 10817
21 10818
17 10819
18 18
18 5
18 20
20 10820
5 5
5 18
5 18
5 4
5 21
5 17
4 10821
21 10822
17 10823
18 20
18 5
20 10824
5 16
5 22
16 10825
22 10826
18 24
18 5
24 10827
5 5
5 2
5 12
5 16
5 21
5 7
16 10828
21 10829
7 10830
2 10831
12 28
12 1
28 51
28 22
51 10832
22 10833
1 6
6 8
6 6
8 10834
6 31
6 9
6 18
31 10835
9 10
10 10836
18 20
18 5
20 10837
