1 1
1 30
1 1
1 4
1 5
1 6
5 7
7 14908
6 9
6 8
6 25
6 5
6 3
6 6
9 10
10 14909
8 14910
25 26
26 14911
5 16
5 21
5 17
16 14912
21 14913
17 14914
3 14915
6 8
6 18
8 14916
18 20
18 5
20 14917
5 16
5 17
16 14918
17 14919
30 14920
1 5
1 6
5 13
13 14921
6 6
6 2
6 6
6 2
6 3
6 1
6 8
8 14922
2 14923
6 8
6 5
6 18
8 14924
5 7
7 14925
18 20
18 5
20 14926
5 16
5 17
16 14927
17 14928
2 14929
3 14930
1 5
1 6
5 5
5 18
5 16
5 17
16 14931
17 14932
18 20
18 5
20 14933
5 13
13 14934
6 8
6 18
8 14935
18 9
18 20
18 5
9 10
10 14936
20 14937
5 5
5 18
5 16
5 17
16 14938
17 14939
18 20
18 5
20 14940
5 17
17 14941
4 14942
