1 1
1 2
1 3
1 1
1 4
1 5
1 6
5 7
7 14959
6 8
8 14960
2 14961
3 14962
1 1
1 30
1 1
1 30
1 5
1 6
1 5
1 6
5 5
5 18
5 16
5 45
16 14963
45 14964
18 20
18 5
20 14965
5 13
13 14966
6 8
6 18
6 2
6 1
8 14967
18 20
18 5
20 14968
5 16
5 17
16 14969
17 14970
2 14971
1 10
1 6
10 14972
6 31
6 9
6 1
31 14973
9 10
10 14974
1 6
6 24
6 6
24 14975
6 15
6 12
15 14976
12 20
12 1
20 14977
1 5
1 6
5 7
7 14978
6 8
6 6
8 14979
6 31
31 14980
30 14981
1 5
1 6
5 13
13 14982
6 6
6 3
6 6
6 2
6 1
6 2
6 18
6 8
6 18
8 14983
18 20
18 5
20 14984
5 16
5 17
16 14985
17 14986
3 14987
6 8
6 18
8 14988
18 18
18 10
18 5
18 20
18 5
20 14989
5 45
5 17
45 14990
17 14991
10 14992
