1 5
1 6
1 4
5 7
7 10860
6 8
6 6
8 10861
6 11
6 5
6 6
11 10862
5 5
5 3
5 5
5 7
7 10863
3 10864
5 7
5 7
7 10865
7 10866
6 15
6 18
6 2
6 1
15 10867
18 20
18 5
20 10868
5 16
5 17
5 22
16 10869
17 10870
22 10871
2 10872
1 6
6 31
6 12
31 10873
12 20
12 1
20 10874
1 5
1 6
5 5
5 18
5 16
16 10875
18 20
18 5
20 10876
5 13
13 10877
6 8
6 1
6 12
8 10878
1 6
6 24
6 6
24 10879
6 15
15 10880
12 20
12 1
20 10881
1 5
1 6
5 13
13 10882
6 6
6 2
6 3
6 6
6 8
6 9
8 10883
9 10
9 21
10 10884
21 10885
2 10886
3 10887
6 9
6 8
6 9
6 18
9 10
10 10888
8 10889
9 10
10 10890
