1 5
1 6
1 4
5 13
13 10188
6 6
6 3
6 6
6 8
6 9
6 18
8 10189
9 10
10 10190
18 20
18 1
20 10191
1 5
1 6
5 21
5 22
21 10192
22 10193
6 9
6 31
6 18
9 10
10 10194
31 10195
18 20
18 5
20 10196
5 16
5 17
5 17
5 22
16 10197
17 10198
17 10199
22 10200
3 10201
6 8
6 5
8 10202
5 5
5 12
5 21
5 2
5 21
5 22
21 10203
2 10204
21 10205
22 10206
12 28
12 1
28 29
29 10207
1 9
1 6
9 10
10 10208
6 8
6 1
8 10209
1 6
6 24
6 6
24 10210
6 15
6 18
15 10211
18 20
18 1
20 10212
1 5
1 6
5 13
13 10213
6 9
6 31
6 5
9 10
10 10214
